0.2253354374796983 0.20225956240458154
0.10225979484974368 0.1615589285628216
-0.19898195224535797 0.9194745415379755
0.5906895103216747 0.35964525270150216
0.2906181965207162 -0.6145142879462118
0.2971871455140911 0.004590483476582863
0.2759534789889633 -0.39068700849850657
0.9034028332215052 -0.16258762125880244
0.8172964391180906 0.9757625249512736
-0.12073571356164892 -0.6181239999326291
-0.6261993851100749 0.8784944801981454
0.3359671462290237 0.40755277264785117
-0.963259398239716 -0.29374154707888556
0.8616613968302047 0.7201369015069943
0.5130557801219027 0.4201843333853452
-0.6175492236356235 -0.6722652683299677
0.5379513215601297 0.8903070828141346
-0.43501653922092154 0.5678417994236062
-0.9842982585556279 -0.5424447764920821
-0.2113150314973622 0.6265643088417179
-0.11164575370710117 -0.6925335263388661
0.2398043923240918 -0.7086883133073416
0.5031457353776663 -0.5662323782852985
-0.6777461066113639 0.7798454952397822
-0.8533495139497704 0.14211582993087668
-0.5246003652065245 0.8180719824096496
0.5023599105015009 -0.8547877918411046
-0.746014194458049 0.9979950583990784
0.7427704952744731 -0.8699930750849445
0.6639525888628508 0.44046421931913127
-0.2927915628810529 0.7626894652901073
0.13450265594890043 -0.04482864231229855
-0.26350393170218256 -0.11857612651960148
0.7475679087263531 -0.03176092610197423
-0.3795110402118407 0.43698393362065246
-0.23684817959888949 -0.09130295168098956
0.21851840479413043 0.9514829961858537
0.19302681679964873 -0.4115026046614776
-0.10105407861305182 0.33727041666953106
-0.25954671990991574 0.8405253772374766
0.6787930257907193 -0.26916165974912154
-0.7055180219819734 -0.3677708159149975
-0.9363572301673984 0.6923433837498085
-0.3348023446415991 0.3112893056424715
-0.8729857585060046 -0.39664396643458955
0.6499825641795014 0.27129709696582194
-0.327121964709312 -0.7216305681564905
-0.164590215035066 -0.3977263425569717
-0.31473947840369276 0.44343249362905457
-0.054807252608289225 -0.4284120336463233
0.7543466824585063 -0.5283899015760207
0.504777408619788 -0.2828604870624938
-0.6049137394958961 0.3530197430571045
-0.10693662622979327 -0.07076879019944382
0.5958951917669804 -0.19591134530598886
0.9864872451650946 -0.8597085353481102
0.8381331308577755 -0.8909044148393999
-0.17599017279170526 -0.3526743233323184
0.7241195047139584 -0.8350904885905059
-0.6505214373575123 -0.21177057421407963
-0.060059180990623906 0.39604674461476774
0.20610203448790543 -0.6401976533278035
0.71935834300909 -0.4495951883319622
0.2961209945548964 0.9700549582743032
-0.7013082503995756 -0.5430028056679801
0.5242674017756748 0.8391820079494767
0.734156534411563 -0.45389090712151225
0.8730132373292971 0.29795988590948497
0.4947126205845578 0.20307683325950165
-0.6343252858856847 0.09642192605751565
-0.5645339852412103 -0.9619217860646856
0.9776011179979276 -0.4692404195192421
0.19768681432538715 -0.48347714570081135
-0.33108640866236927 -0.8967770078374462
0.5537229544145521 -0.6419268577986397
-0.5353742088269249 -0.7656109218614604
0.8068629748319442 -0.5072292698261465
-0.04506268997511631 -0.17164497231497577
-0.6165128338893546 0.260868933770098
-0.2668116901988793 -0.5918443595871863
-0.836074372330023 -0.4139869994751919
-0.6708132737651646 0.01972397618850552
0.15941613334313032 -0.6528635924157093
-0.11018655139342526 -0.9547217117410374
0.9099434134283386 0.5167116736863913
0.23458760916790222 0.963039131065897
0.9064722989382801 0.49868734734384956
0.4418047715544835 0.9017716894853383
-0.16387632771624872 0.8496001644164386
0.5207424225275772 0.7449549811017449
-0.7205007104650158 -0.5337798427808778
0.241609412554062 -0.446720535695986
0.524920189384084 -0.4248258122952058
-0.21872893803774063 0.13100902768144174
0.931924838830041 0.29458939724123634
0.44227090158928406 0.6809670540010662
0.11068925887147962 -0.9082018338388314
-0.37973820808310865 0.046962525484588014
0.38797612033021234 0.8836694836438272
0.3074490978025912 0.3464280149250507
-0.3729585892886049 0.3848307264642372
-0.6810868061579856 -0.8207212927262644
0.04177651009837069 -0.501777492941816
-0.3993062051004572 0.4220040151327715
0.7210837294905308 -0.2894843043644706
-0.5835506923615763 -0.10446409276498514
-0.9440243932034358 0.24033833397983417
-0.6104663443631881 0.050219711135100376
-0.21825397482686437 -0.5027779671148473
-0.470989578591575 -0.6318525609591825
0.7636694269976396 0.19140764790308618
0.19072793560272516 -0.7021827157275298
-0.09999568727577368 -0.40118784614927394
-0.20002709603455715 -0.4730660352039766
-0.33543643263582945 0.08156935282341671
-0.01576160898239576 0.8347732838111479
-0.16704155259900544 -0.4585273934465206
-0.18848610767268292 -0.40590168023907336
-0.9209323097925386 0.6543804014516101
0.60412674139748 -0.7997243018395597
-0.8529079247920457 0.8932425818402387
-0.30422612822820017 0.015691038633479426
-0.6470342836716023 -0.6712118251461221
0.7555681528650575 0.21052599422030172
0.7863304802985278 -0.18686216338935102
-0.30121441401887017 0.6810399179132711
-0.21962019965766455 -0.717048820255022
0.8713595215749796 0.03406508525139573
-0.8182378783447961 0.5123339989223301
-0.7720192210687207 0.04007003779230889
